0	3.5552384149239904	0.14470253614600617
1	3.0857449962957744	0.1841076084380185
2	2.917076074729516	0.20674330410049774
3	2.747495848862982	0.23844512917753022
4	2.587172215683931	0.27482815833135815
5	2.4386708276422704	0.3121000237022991
6	2.2775776165869317	0.3519791419767717
7	2.1297748379584145	0.39102867978193884
8	1.9498955031994198	0.44234415738326616
9	1.7874565079868279	0.48595638776961364
10	1.4595022254093022	0.5812988859919412
11	1.2967083440569516	0.6288812514813937
12	1.1557496658120852	0.6710120881725528
13	1.049194691658133	0.7004621948328987
14	0.9430917640748423	0.7312751836928182
15	0.8585730102226672	0.7566958995022517
16	0.7969377624618411	0.7677767243422612
17	0.7507606513072428	0.7850201469542546
18	0.7064965534730103	0.7969898080113771
19	0.6671911112135919	0.8109149087461484
20	0.46878268035505305	0.8772813462905902
21	0.36949454838841356	0.9074425219246267
22	0.3506618041397695	0.9111756340365015
23	0.32948949824268997	0.9192344157383266
24	0.29987186731024074	0.9269376629533065
25	0.3117418072042264	0.9194121829817492
26	0.3045183880178249	0.9229082721023939
27	0.31904486249792374	0.9188196255036738
28	0.3106040795653543	0.9201825077032472
29	0.31976697450001734	0.9173382318084854
30	0.244153793946237	0.9406849964446551
31	0.2115909277785302	0.9495141028679782
32	0.1937557569921059	0.9553804219009244
33	0.19404531194859134	0.9535434937188907
34	0.19245245573107567	0.9525954017539702
35	0.18759347102488916	0.9550841431618867
36	0.19560730966608456	0.9540175397013511
37	0.19948602429807227	0.9530101919886229
38	0.18408994235735873	0.9558544678833847
39	0.1999105783852674	0.9511140080587817
40	0.15984729175376622	0.9620763214031761
41	0.14264214978339013	0.9663427352453188
42	0.14111786250057703	0.9665205024887414
43	0.1296347837420995	0.9707869163308841
44	0.13324997752629403	0.9684166864185826
45	0.1237014066988638	0.9716757525479971
46	0.12737873564627702	0.9697203128703484
47	0.13241684320598	0.9700165916093861
48	0.13743359923475754	0.9665205024887414
49	0.1382203843602639	0.9661057122540886
50	0.11596844557069665	0.9726831002607252
51	0.10235646513294457	0.9749940744252192
52	0.10386680725288211	0.975408864659872
53	0.10337945681156267	0.9752310974164494
54	0.09951113741805158	0.9758829106423322
55	0.10305695919155311	0.9761791893813699
56	0.10249318184234373	0.9760014221379474
57	0.10744426803719442	0.9741644939559138
58	0.10742025205904795	0.9743422611993363
59	0.1093753953770061	0.9748755629296042
60	0.08975043389208935	0.978608675041479
61	0.08311570425343248	0.9805048589713202
62	0.08104455510596298	0.9797937899976298
63	0.0766397169843037	0.981038160701588
64	0.07903766776182325	0.980149324484475
65	0.07960882634595548	0.980919649205973
66	0.08043879257838685	0.9797937899976298
67	0.08417494373687864	0.980149324484475
68	0.08564863972936261	0.9796160227542071
69	0.07751860271615704	0.9819269969187011
70	0.07351837996821688	0.9835269021095046
71	0.07083976785841076	0.9829343446314293
72	0.06839846626708196	0.9826380658923916
73	0.0689346623077413	0.983230623370467
74	0.06447600551933212	0.9838231808485423
75	0.06472719586638653	0.9848305285612704
76	0.06810656984600023	0.983467646361697
77	0.06702272124583192	0.9831713676226593
78	0.06590140821259009	0.9835861578573122
79	0.06903704901277298	0.983230623370467


abs: 5

Loss_age: 5.0621  Acc_age: 0.5889 mseloss_age: 112.5537
precision_a: [0.71794872 0.31914894 0.26436782 0.2875     0.125      0.19047619
 0.06818182 0.18518519 0.11111111 0.1        0.07142857 0.1
 0.125      0.09433962 0.11111111 0.23863636 0.03030303 0.11111111
 0.03846154 0.06896552 0.10344828 0.10891089 0.07659574 0.12374582
 0.0890411  0.28557599 0.10135135 0.09931507 0.05185185 0.08778626
 0.10666667 0.09649123 0.07692308 0.06617647 0.10332103 0.07801418
 0.01388889 0.03571429 0.07142857 0.04651163 0.         0.07017544
 0.04166667 0.         0.07936508 0.         0.03225806 0.03636364
 0.05128205 0.07894737 0.11538462 0.06593407 0.02631579 0.0729927
 0.03703704 0.09302326 0.10526316 0.11494253 0.         0.08823529
 0.1372549  0.         0.08333333 0.03846154 0.08974359 0.1875
 0.07407407 0.         0.         0.02857143 0.         0.08
 0.125      0.         0.04411765 0.09090909 0.         0.13636364
 0.         0.07692308 0.         0.         0.         0.
 0.12871287 0.14285714 0.         0.         0.         0.17391304
 0.         0.         1.         0.5        0.         0.
 0.         0.         0.         0.         0.         0.        ]
recall_a: [0.83790524 0.29220779 0.28395062 0.24210526 0.15789474 0.08888889
 0.08823529 0.2        0.08510638 0.06382979 0.04761905 0.07692308
 0.11111111 0.11363636 0.0754717  0.23595506 0.0212766  0.13888889
 0.03571429 0.04651163 0.12371134 0.08943089 0.14754098 0.13909774
 0.0625     0.44095665 0.07936508 0.10701107 0.04046243 0.10043668
 0.06896552 0.05092593 0.06976744 0.072      0.09395973 0.07971014
 0.01098901 0.03125    0.05479452 0.03658537 0.         0.05555556
 0.02272727 0.         0.08474576 0.         0.05128205 0.04761905
 0.04651163 0.0483871  0.06818182 0.09230769 0.01538462 0.09174312
 0.046875   0.10958904 0.06451613 0.12195122 0.         0.06
 0.1372549  0.         0.06451613 0.07692308 0.09722222 0.15789474
 0.06451613 0.         0.         0.05       0.         0.0625
 0.05555556 0.         0.05555556 0.05882353 0.         0.15789474
 0.         0.04878049 0.         0.         0.         0.
 0.34210526 0.08333333 0.         0.         0.         0.13333333
 0.         0.         0.25       0.14285714 0.         0.
 0.         0.         0.         0.         0.         0.        ]
fscore_a: [0.77330265 0.30508475 0.27380952 0.26285714 0.13953488 0.12121212
 0.07692308 0.19230769 0.09638554 0.07792208 0.05714286 0.08695652
 0.11764706 0.10309278 0.08988764 0.23728814 0.025      0.12345679
 0.03703704 0.05555556 0.11267606 0.09821429 0.10084034 0.13097345
 0.07344633 0.346651   0.08902077 0.10301954 0.04545455 0.09368635
 0.08376963 0.06666667 0.07317073 0.06896552 0.09841828 0.07885305
 0.01226994 0.03333333 0.0620155  0.04095563 0.         0.0620155
 0.02941176 0.         0.08196721 0.         0.03960396 0.04123711
 0.04878049 0.06       0.08571429 0.07692308 0.01941748 0.08130081
 0.04137931 0.10062893 0.08       0.1183432  0.         0.07142857
 0.1372549  0.         0.07272727 0.05128205 0.09333333 0.17142857
 0.06896552 0.         0.         0.03636364 0.         0.07017544
 0.07692308 0.         0.04918033 0.07142857 0.         0.14634146
 0.         0.05970149 0.         0.         0.         0.
 0.18705036 0.10526316 0.         0.         0.         0.1509434
 0.         0.         0.4        0.22222222 0.         0.
 0.         0.         0.         0.         0.         0.        ]
support_a: [401 154  81  95  57  45  34  75  47  47  21  39  18  44  53  89  47  72
  28  86  97 123 122 266 208 669 189 271 173 229 116 216  43 125 298 138
  91  96  73 164  42  72  44  27 118  56  39  42  43 124  44  65  65 109
  64  73  31  82  28 100  51  39  31  13  72  19  31  26  13  40  12  32
  18  12  54  17   8  19  10  41  11  10   3  10  38  12   3  12   8  30
   5   2   4   7   0   3   1   1   2   1   2   1]



abs 3
Loss_age: 5.0621  Acc_age: 0.4600 mseloss_age: 112.5537


precision_a: [0.71794872 0.31914894 0.26436782 0.2875     0.125      0.19047619
 0.06818182 0.18518519 0.11111111 0.1        0.07142857 0.1
 0.125      0.09433962 0.11111111 0.23863636 0.03030303 0.11111111
 0.03846154 0.06896552 0.10344828 0.10891089 0.07659574 0.12374582
 0.0890411  0.28557599 0.10135135 0.09931507 0.05185185 0.08778626
 0.10666667 0.09649123 0.07692308 0.06617647 0.10332103 0.07801418
 0.01388889 0.03571429 0.07142857 0.04651163 0.         0.07017544
 0.04166667 0.         0.07936508 0.         0.03225806 0.03636364
 0.05128205 0.07894737 0.11538462 0.06593407 0.02631579 0.0729927
 0.03703704 0.09302326 0.10526316 0.11494253 0.         0.08823529
 0.1372549  0.         0.08333333 0.03846154 0.08974359 0.1875
 0.07407407 0.         0.         0.02857143 0.         0.08
 0.125      0.         0.04411765 0.09090909 0.         0.13636364
 0.         0.07692308 0.         0.         0.         0.
 0.12871287 0.14285714 0.         0.         0.         0.17391304
 0.         0.         1.         0.5        0.         0.
 0.         0.         0.         0.         0.         0.        ]
recall_a: [0.83790524 0.29220779 0.28395062 0.24210526 0.15789474 0.08888889
 0.08823529 0.2        0.08510638 0.06382979 0.04761905 0.07692308
 0.11111111 0.11363636 0.0754717  0.23595506 0.0212766  0.13888889
 0.03571429 0.04651163 0.12371134 0.08943089 0.14754098 0.13909774
 0.0625     0.44095665 0.07936508 0.10701107 0.04046243 0.10043668
 0.06896552 0.05092593 0.06976744 0.072      0.09395973 0.07971014
 0.01098901 0.03125    0.05479452 0.03658537 0.         0.05555556
 0.02272727 0.         0.08474576 0.         0.05128205 0.04761905
 0.04651163 0.0483871  0.06818182 0.09230769 0.01538462 0.09174312
 0.046875   0.10958904 0.06451613 0.12195122 0.         0.06
 0.1372549  0.         0.06451613 0.07692308 0.09722222 0.15789474
 0.06451613 0.         0.         0.05       0.         0.0625
 0.05555556 0.         0.05555556 0.05882353 0.         0.15789474
 0.         0.04878049 0.         0.         0.         0.
 0.34210526 0.08333333 0.         0.         0.         0.13333333
 0.         0.         0.25       0.14285714 0.         0.
 0.         0.         0.         0.         0.         0.        ]
fscore_a: [0.77330265 0.30508475 0.27380952 0.26285714 0.13953488 0.12121212
 0.07692308 0.19230769 0.09638554 0.07792208 0.05714286 0.08695652
 0.11764706 0.10309278 0.08988764 0.23728814 0.025      0.12345679
 0.03703704 0.05555556 0.11267606 0.09821429 0.10084034 0.13097345
 0.07344633 0.346651   0.08902077 0.10301954 0.04545455 0.09368635
 0.08376963 0.06666667 0.07317073 0.06896552 0.09841828 0.07885305
 0.01226994 0.03333333 0.0620155  0.04095563 0.         0.0620155
 0.02941176 0.         0.08196721 0.         0.03960396 0.04123711
 0.04878049 0.06       0.08571429 0.07692308 0.01941748 0.08130081
 0.04137931 0.10062893 0.08       0.1183432  0.         0.07142857
 0.1372549  0.         0.07272727 0.05128205 0.09333333 0.17142857
 0.06896552 0.         0.         0.03636364 0.         0.07017544
 0.07692308 0.         0.04918033 0.07142857 0.         0.14634146
 0.         0.05970149 0.         0.         0.         0.
 0.18705036 0.10526316 0.         0.         0.         0.1509434
 0.         0.         0.4        0.22222222 0.         0.
 0.         0.         0.         0.         0.         0.        ]
support_a: [401 154  81  95  57  45  34  75  47  47  21  39  18  44  53  89  47  72
  28  86  97 123 122 266 208 669 189 271 173 229 116 216  43 125 298 138
  91  96  73 164  42  72  44  27 118  56  39  42  43 124  44  65  65 109
  64  73  31  82  28 100  51  39  31  13  72  19  31  26  13  40  12  32
  18  12  54  17   8  19  10  41  11  10   3  10  38  12   3  12   8  30
   5   2   4   7   0   3   1   1   2   1   2   1]

