0	1.7937481152309538	0.3957921770051363
1	1.096765037583344	0.6186290003951007
2	0.8209664810556331	0.709304622678783
3	0.6344248623962885	0.7764717502963255
4	0.4957902601517881	0.825760568945081
5	0.41052512457746615	0.8597392335045436
6	0.3365312574268659	0.8833465033583563
7	0.2677575562021234	0.9099170288423547
8	0.21935426366395133	0.9280916633741604
9	0.19386987540324843	0.9356973528249704
10	0.1372644604797869	0.9557487159225602
11	0.11060786376777537	0.964836033188463
12	0.08937299682518467	0.9728368233899644
13	0.09154345846986262	0.9704662188858159
14	0.08272641534497208	0.9735282497036744
15	0.07543048670597106	0.9769853812722243
16	0.08734019480701588	0.9691821414460687
17	0.06934226352864224	0.9792572105887001
18	0.06323239783061346	0.9805412880284472
19	0.07165889794625863	0.9766890557092058
20	0.052271104032848605	0.9830106677202686
21	0.04070061322777039	0.98893717898064
22	0.03965001345175333	0.98755432635322
23	0.03537056696645736	0.9901224812327143
24	0.03298687991542291	0.99032003160806
25	0.03391101432089182	0.99032003160806
26	0.02624195910098288	0.9938759383642828
27	0.03334775421045741	0.9898261556696957
28	0.03927166194771647	0.9892335045436585
29	0.03642714765410045	0.9893322797313314
30	0.030214494137672604	0.9924930857368629
31	0.024644922452207164	0.9932832872382457
32	0.023025318568094783	0.9940734887396285
33	0.0270304224622763	0.9924930857368629
34	0.02106035980372055	0.9945673646779928
35	0.020507412104150233	0.9950612406163571
36	0.02013677716732072	0.9941722639273014
37	0.020673034476437903	0.9947649150533385
38	0.019743189867696288	0.9945673646779928
39	0.025318477122486225	0.9926906361122085
40	0.016967512811421878	0.9960489924930856
41	0.017319473917424937	0.9952587909917028
42	0.013456524007172512	0.9969379691821414
43	0.013956225422332052	0.9964440932437771
44	0.014212221674052965	0.9970367443698143
45	0.014142444285890511	0.9971355195574871
46	0.01721418960993585	0.9961477676807585
47	0.01653977617455285	0.9957526669300671
48	0.016053443238086166	0.99585144211774
49	0.01738453144814741	0.9956538917423943
50	0.015084513367776671	0.9961477676807585
51	0.01470271753774995	0.9964440932437771
52	0.016362761212358305	0.9960489924930856
53	0.016698862243103726	0.99585144211774
54	0.013083383388076226	0.9968391939944685
55	0.013664762336101732	0.9964440932437771
56	0.013898636102205394	0.9964440932437771
57	0.014453098712196844	0.9961477676807585
58	0.015106400921525001	0.99654286843145
59	0.012122489344174096	0.9973330699328328
60	0.012070308415515768	0.9974318451205056
61	0.010753275753808047	0.9980244962465428
62	0.010832825062574958	0.9973330699328328
63	0.010303350952106183	0.9980244962465428
64	0.009420180523636336	0.9981232714342156
65	0.01011016019459936	0.9981232714342156
66	0.009937562475644026	0.9977281706835243
67	0.008969215478222627	0.9981232714342156
68	0.00928332505571788	0.9978269458711971
69	0.011028039766639672	0.9971355195574871
70	0.01106021061527875	0.9970367443698143
71	0.008521631318749804	0.9988146977479256
72	0.010136506836294704	0.9976293954958514
73	0.009092669697064083	0.99792572105887
74	0.010186298992830696	0.9976293954958514
75	0.009039968476273452	0.9985183721849071
76	0.008686595047735404	0.9983208218095614
77	0.01139030269077044	0.9975306203081785
78	0.009236096864818633	0.9982220466218885
79	0.011628524038583004	0.9971355195574871
nosuccess_a:
1204.jpg 0 1
1329.jpg 0 7
1522.jpg 0 1
1706.jpg 0 6
2103.jpg 0 1
2862.jpg 0 1
3225.jpg 0 5
3455.jpg 0 1
3478.jpg 0 1
3616.jpg 0 5
1504.jpg 1 0
1753.jpg 1 2
1933.jpg 1 2
236.jpg 1 7
2360.jpg 1 0
695.jpg 1 6
1146.jpg 1 2
1725.jpg 1 0
1794.jpg 1 5
1807.jpg 1 2
189.jpg 1 2
2019.jpg 1 2
2155.jpg 1 2
265.jpg 1 0
2919.jpg 1 0
2966.jpg 1 0
3097.jpg 1 0
3221.jpg 1 2
3611.jpg 1 0
489.jpg 1 0
537.jpg 1 2
1703.jpg 2 6
1788.jpg 2 1
1912.jpg 2 1
2021.jpg 2 3
2150.jpg 2 1
2633.jpg 2 1
3004.jpg 2 1
3024.jpg 2 1
3313.jpg 2 3
34.jpg 2 1
3666.jpg 2 1
3778.jpg 2 1
933.jpg 2 0
97.jpg 2 4
1097.jpg 2 4
1198.jpg 2 4
1252.jpg 2 5
1579.jpg 2 1
1581.jpg 2 5
1632.jpg 2 1
1769.jpg 2 4
200.jpg 2 3
2007.jpg 2 1
2716.jpg 2 3
2899.jpg 2 3
3162.jpg 2 4
3428.jpg 2 4
3557.jpg 2 1
3781.jpg 2 7
3838.jpg 2 4
516.jpg 2 4
518.jpg 2 4
601.jpg 2 3
671.jpg 2 1
858.jpg 2 3
887.jpg 2 5
1084.jpg 3 0
139.jpg 3 2
1430.jpg 3 4
166.jpg 3 4
1836.jpg 3 4
2003.jpg 3 4
2005.jpg 3 4
249.jpg 3 4
2675.jpg 3 4
2806.jpg 3 4
340.jpg 3 5
3499.jpg 3 4
3575.jpg 3 4
3756.jpg 3 4
404.jpg 3 4
443.jpg 3 4
753.jpg 3 4
1239.jpg 3 5
1415.jpg 3 4
1429.jpg 3 5
156.jpg 3 4
1780.jpg 3 2
1925.jpg 3 0
1926.jpg 3 4
1973.jpg 3 4
2219.jpg 3 2
2304.jpg 3 4
2521.jpg 3 4
2528.jpg 3 2
2738.jpg 3 4
2829.jpg 3 4
2853.jpg 3 4
2905.jpg 3 4
3005.jpg 3 2
3044.jpg 3 4
3234.jpg 3 1
3239.jpg 3 5
3257.jpg 3 4
3351.jpg 3 4
3360.jpg 3 2
3595.jpg 3 4
3629.jpg 3 4
3681.jpg 3 4
3690.jpg 3 4
380.jpg 3 2
500.jpg 3 2
59.jpg 3 4
654.jpg 3 4
668.jpg 3 2
741.jpg 3 2
788.jpg 3 4
882.jpg 3 4
922.jpg 3 4
1051.jpg 4 1
1147.jpg 4 5
1292.jpg 4 5
1376.jpg 4 5
1472.jpg 4 7
1519.jpg 4 5
1666.jpg 4 5
1685.jpg 4 5
172.jpg 4 3
177.jpg 4 5
1778.jpg 4 5
191.jpg 4 5
1943.jpg 4 6
2075.jpg 4 3
2077.jpg 4 5
2234.jpg 4 5
2349.jpg 4 5
235.jpg 4 5
2466.jpg 4 2
2492.jpg 4 6
2532.jpg 4 5
2533.jpg 4 5
2553.jpg 4 3
2720.jpg 4 3
2790.jpg 4 5
283.jpg 4 5
296.jpg 4 3
3023.jpg 4 5
3025.jpg 4 5
3061.jpg 4 5
3131.jpg 4 5
3214.jpg 4 1
3273.jpg 4 3
3278.jpg 4 5
3356.jpg 4 5
3470.jpg 4 0
348.jpg 4 3
3491.jpg 4 3
3502.jpg 4 5
3513.jpg 4 3
3625.jpg 4 5
3731.jpg 4 5
374.jpg 4 5
534.jpg 4 5
622.jpg 4 3
655.jpg 4 5
752.jpg 4 3
878.jpg 4 5
944.jpg 4 5
1036.jpg 4 3
1130.jpg 4 7
1137.jpg 4 5
1144.jpg 4 3
1162.jpg 4 3
128.jpg 4 5
1281.jpg 4 2
1282.jpg 4 5
1475.jpg 4 5
1613.jpg 4 5
1695.jpg 4 5
1770.jpg 4 3
1777.jpg 4 3
1840.jpg 4 5
1940.jpg 4 5
195.jpg 4 3
2068.jpg 4 0
2188.jpg 4 5
2292.jpg 4 5
2300.jpg 4 3
2426.jpg 4 3
2456.jpg 4 5
2459.jpg 4 3
2496.jpg 4 5
2562.jpg 4 1
2643.jpg 4 2
2663.jpg 4 3
2744.jpg 4 5
278.jpg 4 5
2837.jpg 4 2
3028.jpg 4 3
3249.jpg 4 5
3276.jpg 4 5
3329.jpg 4 5
335.jpg 4 3
3429.jpg 4 2
3454.jpg 4 3
3779.jpg 4 5
3822.jpg 4 3
428.jpg 4 3
546.jpg 4 5
589.jpg 4 5
628.jpg 4 3
689.jpg 4 3
98.jpg 4 3
1134.jpg 5 7
1324.jpg 5 4
1582.jpg 5 4
1631.jpg 5 4
1635.jpg 5 4
1776.jpg 5 4
1866.jpg 5 2
1905.jpg 5 6
2125.jpg 5 3
2146.jpg 5 4
223.jpg 5 7
2481.jpg 5 7
2534.jpg 5 4
2692.jpg 5 4
2776.jpg 5 4
2895.jpg 5 4
2900.jpg 5 4
3016.jpg 5 6
3094.jpg 5 6
3219.jpg 5 4
3449.jpg 5 6
3456.jpg 5 4
3503.jpg 5 6
3584.jpg 5 6
3846.jpg 5 7
54.jpg 5 3
845.jpg 5 3
869.jpg 5 6
932.jpg 5 4
941.jpg 5 4
1063.jpg 5 4
1181.jpg 5 4
1211.jpg 5 4
1264.jpg 5 3
1317.jpg 5 4
1559.jpg 5 4
1601.jpg 5 7
1702.jpg 5 3
1806.jpg 5 4
1816.jpg 5 4
2200.jpg 5 4
2375.jpg 5 3
2398.jpg 5 4
2408.jpg 5 7
2441.jpg 5 4
2548.jpg 5 7
2611.jpg 5 4
2695.jpg 5 6
2765.jpg 5 4
2773.jpg 5 4
2782.jpg 5 3
2844.jpg 5 3
2902.jpg 5 7
2985.jpg 5 4
3069.jpg 5 4
308.jpg 5 6
3105.jpg 5 4
3156.jpg 5 7
3188.jpg 5 6
3439.jpg 5 3
3592.jpg 5 4
3769.jpg 5 0
424.jpg 5 3
539.jpg 5 4
560.jpg 5 6
58.jpg 5 6
602.jpg 5 2
706.jpg 5 3
792.jpg 5 7
80.jpg 5 4
802.jpg 5 4
881.jpg 5 3
895.jpg 5 4
939.jpg 5 4
967.jpg 5 7
1156.jpg 6 5
12.jpg 6 5
1527.jpg 6 7
1622.jpg 6 5
1711.jpg 6 4
2042.jpg 6 4
2157.jpg 6 5
221.jpg 6 5
2416.jpg 6 7
2506.jpg 6 4
2706.jpg 6 5
3122.jpg 6 5
3169.jpg 6 7
3317.jpg 6 7
3480.jpg 6 7
368.jpg 6 7
3717.jpg 6 7
3752.jpg 6 5
495.jpg 6 5
797.jpg 6 7
829.jpg 6 5
839.jpg 6 7
849.jpg 6 4
886.jpg 6 4
888.jpg 6 7
1428.jpg 6 5
2035.jpg 6 4
2407.jpg 6 5
2451.jpg 6 5
289.jpg 6 5
3496.jpg 6 7
3606.jpg 6 3
3663.jpg 6 5
1157.jpg 7 4
1164.jpg 7 5
1723.jpg 7 6
1804.jpg 7 0
241.jpg 7 5
2590.jpg 7 6
2912.jpg 7 4
3368.jpg 7 5
3461.jpg 7 5
87.jpg 7 5
1668.jpg 7 5
2017.jpg 7 6
2265.jpg 7 6
2298.jpg 7 6
2342.jpg 7 6
2764.jpg 7 1
314.jpg 7 4
3246.jpg 7 5
3279.jpg 7 6
3337.jpg 7 3
3805.jpg 7 6
3849.jpg 7 6
509.jpg 7 6
nosuccess_g:
1204.jpg 0 1
1329.jpg 0 1
1522.jpg 0 2
1706.jpg 0 1
2103.jpg 0 1
2862.jpg 0 2
3225.jpg 0 1
3455.jpg 0 2
3478.jpg 0 1
3616.jpg 0 1
1155.jpg 2 1
1278.jpg 2 1
1504.jpg 2 0
1933.jpg 2 1
217.jpg 2 1
2360.jpg 2 0
2463.jpg 2 1
2787.jpg 2 1
3396.jpg 2 1
3534.jpg 2 1
695.jpg 2 1
698.jpg 2 1
1001.jpg 1 2
1146.jpg 1 2
1328.jpg 1 2
1616.jpg 1 2
1700.jpg 1 2
1725.jpg 1 0
2155.jpg 1 2
265.jpg 1 0
2701.jpg 1 2
2919.jpg 1 0
2966.jpg 1 0
3097.jpg 1 0
3221.jpg 1 2
3611.jpg 1 0
3730.jpg 1 2
3787.jpg 1 2
489.jpg 1 0
547.jpg 1 2
593.jpg 1 2
911.jpg 1 2
1438.jpg 2 1
1703.jpg 2 1
2860.jpg 2 1
3313.jpg 2 1
3559.jpg 2 1
860.jpg 2 1
904.jpg 2 1
933.jpg 2 0
1082.jpg 1 2
1252.jpg 1 2
1382.jpg 1 2
1632.jpg 1 2
200.jpg 1 2
261.jpg 1 2
2899.jpg 1 2
671.jpg 1 2
1025.jpg 2 1
1084.jpg 2 0
139.jpg 2 1
3499.jpg 2 1
404.jpg 2 1
1230.jpg 1 2
1925.jpg 1 0
3044.jpg 1 2
3234.jpg 1 2
538.jpg 1 2
1472.jpg 2 1
1779.jpg 2 1
1943.jpg 2 1
2461.jpg 2 1
2466.jpg 2 1
2607.jpg 2 1
3470.jpg 2 0
3632.jpg 2 1
3711.jpg 2 1
878.jpg 2 1
1225.jpg 1 2
1281.jpg 1 2
136.jpg 1 2
1444.jpg 1 2
1894.jpg 1 2
2068.jpg 1 0
2663.jpg 1 2
428.jpg 1 2
749.jpg 1 2
818.jpg 1 2
1134.jpg 2 1
1866.jpg 2 1
2146.jpg 2 1
2866.jpg 2 1
54.jpg 2 1
869.jpg 2 1
121.jpg 1 2
2844.jpg 1 2
3369.jpg 1 2
3439.jpg 1 2
3592.jpg 1 2
3769.jpg 1 0
424.jpg 1 2
539.jpg 1 2
919.jpg 1 2
1711.jpg 2 1
3317.jpg 2 1
886.jpg 2 1
1598.jpg 1 2
3606.jpg 1 2
1804.jpg 2 0
2017.jpg 1 2
2265.jpg 1 2
2298.jpg 1 2
2342.jpg 1 2
2764.jpg 1 2
3849.jpg 1 2
670.jpg 1 2
