0	0.7157105486323466	0.000177767243422612
1	0.6913326684686634	0.0
2	0.6862131700071573	5.925574780753733e-05
3	0.683384314974102	0.0011851149561507466
4	0.6814506596709687	0.0015406494429959705
5	0.6795339071939952	0.0026072529035316427
6	0.6776858648295424	0.003910879355297464
7	0.6759525884042619	0.004147902346527613
8	0.6743544143335207	0.005747807537331121
9	0.6731042882564876	0.006814410997866793
10	0.6719809788243696	0.0088883621711306
11	0.6710351674611548	0.00912538516236075
12	0.6705276352106381	0.012325195543967764
13	0.66972958219365	0.01463616970846172
14	0.6691408022429373	0.01706565536857075
15	0.6687667573422271	0.01795449158568381
16	0.668122875588741	0.01996918701114008
17	0.667673495389975	0.023168997392747095
18	0.6672754098267656	0.02707987674804456
19	0.6667725040495014	0.028087224460772695
20	0.6661504923124736	0.031701825077032474
21	0.6658888529420153	0.032768428537568145
22	0.6656439715749591	0.03549419293671486
23	0.6652544141380842	0.03638302915382792
24	0.6649789938318642	0.0376273998577862
25	0.6645738332015583	0.04195306944773643
26	0.6642448889556499	0.040471675752547995
27	0.6639789274926151	0.04011614126570277
28	0.6635642863472764	0.04515287982934345
29	0.6637245171384863	0.04337520739511733
30	0.6631953524989408	0.04663427352453188
31	0.6631181063768451	0.04616022754207158
32	0.6627389099479823	0.04799715572410524
33	0.6626288429852711	0.048708224697795684
34	0.6626698832626053	0.04876748044560322
35	0.662208584254035	0.051611756340365016
36	0.6622305035336827	0.05315240578336099
37	0.6621045333199321	0.05350794027020621
38	0.6621134013015249	0.05350794027020621
39	0.6616811028417464	0.05392273050485897
40	0.6615361359820713	0.05599668167812278
41	0.6614703679853323	0.0558781701825077
42	0.661356082372853	0.05759658686892628
43	0.6613601451520248	0.059611282294382555
44	0.6611401269887403	0.058248400094809194
45	0.6609815607197507	0.06144821047641621
46	0.6607081834019346	0.060914908746148376
47	0.6606209961038315	0.06192225645887651
48	0.6605096399911237	0.06257406968475943
49	0.6606478766542838	0.06387769613652525
50	0.6599585307692712	0.06411471912775539
51	0.6597924627916427	0.06488504384925338
52	0.6594989854850372	0.06488504384925338
53	0.6594831923591946	0.06399620763214031
54	0.6590292208226943	0.06695899502251719
55	0.6589067369650031	0.06689973927470964
56	0.6588021502389703	0.06553685707513629
57	0.6582516576193271	0.06932922493481868
58	0.6581280546522897	0.06891443470016591
59	0.6579172601347203	0.07146243185589002
60	0.6573531838722437	0.06885517895235838
61	0.65694214631438	0.07152168760369755
62	0.6568322279465145	0.07436596349845935
63	0.6564743059256202	0.0741289405072292
64	0.6561886433120813	0.0750770324721498
65	0.6560585302435185	0.07614363593268547
66	0.655935131718011	0.07341787153353875
67	0.655176394978641	0.07703247214979853
68	0.65501596315067	0.0764991704195307
69	0.6547345734089013	0.07732875088883621
70	0.6544870912223439	0.07916567907086987
71	0.6539185775854939	0.076202891680493
72	0.6538718877089591	0.07869163308840957
73	0.6536053402442508	0.08135814173974876
74	0.6532036011098656	0.07946195780990756
75	0.6528945197480412	0.08017302678359801
76	0.6527883693148497	0.08070632851386585
77	0.6525092140761957	0.07981749229675278
78	0.6522581810125047	0.08129888599194121
79	0.6519644129725536	0.08129888599194121
Loss_data: 0.6627  Acc_data: 0.0662 Loss_data: 5.5734  Acc_data: 0.1065 precision_a: [1. 1. 1. 1. 1. 1. 1. 1. 1. 1. 1. 1. 1. 1. 1. 1. 1. 1. 1. 1. 1. 1. 1. 1.
 1. 1. 1. 1. 1. 1. 1. 1. 1. 1. 1. 1. 1. 1. 1. 1. 1. 1. 1. 1. 1. 1. 1. 1.
 1. 1. 1. 1. 1. 1. 1. 1. 1. 1. 1. 1. 1. 1. 1. 1. 1. 1. 1. 1. 1. 1. 1. 1.
 1. 1. 1. 1. 1. 1. 1. 1. 1. 1. 1. 1. 1. 1. 1. 1. 1. 1. 1. 1. 1. 1. 1. 1.
 1. 1. 1. 1. 1.]
recall_a: [1. 1. 1. 1. 1. 1. 1. 1. 1. 1. 1. 1. 1. 1. 1. 1. 1. 1. 1. 1. 1. 1. 1. 1.
 1. 1. 1. 1. 1. 1. 1. 1. 1. 1. 1. 1. 1. 1. 1. 1. 1. 1. 1. 1. 1. 1. 1. 1.
 1. 1. 1. 1. 1. 1. 1. 1. 1. 1. 1. 1. 1. 1. 1. 1. 1. 1. 1. 1. 1. 1. 1. 1.
 1. 1. 1. 1. 1. 1. 1. 1. 1. 1. 1. 1. 1. 1. 1. 1. 1. 1. 1. 1. 1. 1. 1. 1.
 1. 1. 1. 1. 1.]
fscore_a: [1. 1. 1. 1. 1. 1. 1. 1. 1. 1. 1. 1. 1. 1. 1. 1. 1. 1. 1. 1. 1. 1. 1. 1.
 1. 1. 1. 1. 1. 1. 1. 1. 1. 1. 1. 1. 1. 1. 1. 1. 1. 1. 1. 1. 1. 1. 1. 1.
 1. 1. 1. 1. 1. 1. 1. 1. 1. 1. 1. 1. 1. 1. 1. 1. 1. 1. 1. 1. 1. 1. 1. 1.
 1. 1. 1. 1. 1. 1. 1. 1. 1. 1. 1. 1. 1. 1. 1. 1. 1. 1. 1. 1. 1. 1. 1. 1.
 1. 1. 1. 1. 1.]
support_a: [401 154  81  95  57  45  34  75  47  47  21  39  18  44  53  89  47  72
  28  86  97 123 122 266 208 669 189 271 173 229 116 216  43 125 298 138
  91  96  73 164  42  72  44  27 118  56  39  42  43 124  44  65  65 109
  64  73  31  82  28 100  51  39  31  13  72  19  31  26  13  40  12  32
  18  12  54  17   8  19  10  41  11  10   3  10  38  12   3  12   8  30
   5   2   4   7   3   1   1   2   1   2   1]
precision_g: [1. 1.]
recall_g: [1. 1.]
fscore_g: [1. 1.]
support_g: [3776 3456]
precision_r: [1. 1. 1. 1. 1.]
recall_r: [1. 1. 1. 1. 1.]
fscore_r: [1. 1. 1. 1. 1.]
support_r: [3018 1339 1096 1235  544]
precision_d: [0.34375    0.11111111 0.46710526 0.36486486 0.24       0.35955056
 0.4        0.40677966 0.3125     0.25       0.17647059 0.
 0.25       0.2        0.         0.06666667 0.         0.26086957
 0.23076923 0.14285714 0.1        0.         0.         0.
 0.13636364 0.         0.29166667 0.         0.         0.1
 0.         0.25       0.5        0.         0.18181818 0.33333333
 0.125      0.2        0.         0.         0.         0.
 0.         0.16666667 0.         0.07692308 0.         0.
 0.         0.         0.         0.         0.0625     0.
 0.         0.         0.5        0.04761905 0.         0.
 0.         0.2        0.         0.         0.5        0.
 0.06666667 0.         0.         0.         0.14285714 0.
 0.         0.375      0.         0.19354839 0.         0.
 0.         0.         0.         0.         0.         0.13043478
 0.         0.         0.5        0.         0.         0.
 0.         0.2        0.         0.         0.         0.
 0.         0.         0.         0.         1.         0.
 0.         0.33333333 0.         0.         0.         0.
 0.         0.         0.06666667 0.         0.         0.
 0.         0.11111111 0.         0.         0.         0.
 0.         0.         0.         0.         0.         0.21428571
 0.         0.         0.         0.         0.12       0.
 0.         0.         0.         0.17142857 0.         0.
 0.         0.         0.05882353 0.         0.         0.
 0.         0.33333333 0.         0.         0.         0.
 0.         0.         0.         0.         0.         0.
 0.         0.         0.23529412 0.         0.         0.
 0.         0.         0.         0.         0.         0.
 0.         0.         0.         0.         0.         0.17647059
 0.         0.         0.         0.         0.11764706 0.
 0.11111111 0.         0.16666667 0.         0.66666667 0.33333333
 0.         0.         0.         0.16       0.04       0.05
 0.         0.         0.25       0.2        0.         0.
 0.         0.         0.         0.07692308 0.         0.
 0.14285714 0.08333333 0.         0.         0.04347826 0.
 0.2        0.10526316 0.         0.05263158 0.         0.35714286
 0.07692308 1.         0.03076923 0.09090909 0.20895522 0.02564103
 0.07142857 0.06       0.05555556 0.         0.0212766  0.
 0.04761905 0.         0.06666667 0.01818182 0.         0.16176471
 0.22727273 0.12121212 0.26865672 0.23076923 0.12264151 0.21621622
 0.2601626  0.25       0.15       0.03030303 0.11538462 0.
 0.04545455 0.5        0.         0.11764706 0.125      0.
 0.         0.15384615 0.03225806 0.         0.0952381  0.
 0.1        0.03846154 0.12244898 0.0952381  0.         0.
 0.12820513 0.         0.125      0.5        0.         0.08571429
 0.         0.         0.         0.0952381  0.         0.16666667
 0.         1.         0.01333333 0.07692308 0.14285714 0.05555556
 0.         0.05       0.05       0.25       0.         0.
 0.         0.06060606 0.         0.         0.14285714 0.05714286
 0.02857143 0.         0.07692308 0.         0.14814815 0.07142857
 0.14285714 0.         0.         0.         0.         0.
 0.         0.         0.         0.         0.         0.
 0.03333333 0.         0.         0.         0.14285714 0.
 0.         0.         0.         0.         0.06796117 0.125
 0.09090909 0.07317073 0.         0.08510638 0.         0.2
 0.         0.2        0.         0.         0.         0.10714286
 0.         0.         0.         0.         0.         0.
 0.         0.         0.         0.         0.         0.
 0.         0.         0.         0.         0.02941176 0.
 0.         0.         0.         0.         0.         0.
 0.         0.0952381  0.07692308 0.         0.         0.
 0.04761905 0.         0.         0.         0.         0.03508772
 0.         0.03125    0.         0.         0.         0.11111111
 0.5        0.         0.         0.         0.         0.
 0.         0.         0.         0.         0.         0.
 0.03225806 0.25       0.         0.13333333 0.         0.
 0.         0.         0.         0.         0.         0.
 0.         0.         0.         0.1        0.         0.
 0.         0.         0.         0.         0.         0.
 0.         0.11764706 0.06666667 0.         0.04       0.25
 0.         0.2        0.         0.         0.         0.05555556
 0.         0.         0.         0.         0.         0.
 0.         0.         0.         0.05405405 0.         0.
 0.125      0.         0.         0.         0.         0.
 0.         0.         0.         0.         0.         0.
 0.         0.         0.         0.         0.         0.
 0.         0.         0.         0.         0.         0.
 0.09090909 0.         0.         0.16666667 0.         0.13333333
 0.         0.         0.         0.         0.         0.
 0.         0.         0.         0.         0.         0.
 0.         0.         0.06451613 0.         0.         0.
 0.         0.         0.         0.         0.         0.
 0.         0.         0.         0.09375    0.         0.
 0.04       0.         0.         0.125      0.         0.
 0.         0.         0.         0.06451613 0.         0.
 0.05405405 0.         0.         0.         0.         0.11111111
 0.         0.25       0.         0.         0.02857143 1.
 0.         0.         0.         0.         0.         0.
 0.         0.         0.07692308 0.14285714 0.25       0.21428571
 1.         0.         0.         0.         0.08333333 0.
 0.         0.         0.         0.         0.         0.
 0.         0.         0.         0.         0.14285714 0.09090909
 0.         0.         0.         0.         0.07142857 0.
 0.33333333 0.16666667 0.         0.         0.         0.
 0.125      0.         0.         0.         0.         0.
 0.         0.13636364 0.         0.         0.         0.
 0.         0.         0.         0.         0.         0.
 0.04166667 0.25       0.         0.         0.1        0.
 0.         0.         0.         0.         0.         0.
 0.10526316 0.         0.         0.         0.         0.
 0.         0.         0.05       0.         0.         0.
 0.         0.         0.         0.         0.         0.
 0.         0.         0.02857143 0.         0.         0.
 0.         0.         0.         0.         0.14285714 0.
 0.         0.         0.         0.25       0.         0.
 0.10344828 0.         0.         0.14285714 0.         0.
 0.         0.         0.         0.         0.         0.
 0.         0.13043478 0.28571429 0.14285714 0.         0.
 0.         0.         0.         0.33333333 0.         0.
 0.         0.         0.         0.         0.         0.
 0.         0.         0.         0.         0.         0.
 0.         1.         0.         0.         0.33333333 0.
 0.15384615 0.         0.         0.         0.         0.
 0.         0.         0.         0.5        0.         0.11111111
 0.         0.25       0.         0.         0.         0.
 0.         0.         0.         0.         0.         0.20408163
 0.         0.         0.         0.         0.         0.
 0.25       0.         0.         0.         0.         0.
 0.07142857 0.         0.         0.16666667 0.         0.
 0.         0.         0.         0.         0.25       0.
 0.15384615 0.         0.         0.         0.         0.
 0.         0.         0.         0.16666667 0.         0.
 0.         0.         0.         0.         0.         0.
 0.         0.         0.         0.         0.         0.
 0.        ]
recall_d: [0.42307692 0.2        0.71717172 0.65853659 0.27272727 0.54237288
 0.8        0.4137931  0.34482759 0.09677419 0.2        0.
 0.14705882 0.125      0.         0.1        0.         0.17647059
 0.54545455 0.05263158 0.06666667 0.         0.         0.
 0.125      0.         0.36842105 0.         0.         0.0625
 0.         0.07142857 0.14285714 0.         0.10526316 0.2
 0.07692308 0.1        0.         0.         0.         0.
 0.         0.16666667 0.         0.125      0.         0.
 0.         0.         0.         0.         0.09090909 0.
 0.         0.         0.2        0.125      0.         0.
 0.         0.4        0.         0.         0.5        0.
 0.1        0.         0.         0.         0.21052632 0.
 0.         0.42857143 0.         0.21428571 0.         0.
 0.         0.         0.         0.         0.         0.15
 0.         0.         0.33333333 0.         0.         0.
 0.         0.125      0.         0.         0.         0.
 0.         0.         0.         0.         0.33333333 0.
 0.         0.33333333 0.         0.         0.         0.
 0.         0.         0.14285714 0.         0.         0.
 0.         0.08333333 0.         0.         0.         0.
 0.         0.         0.         0.         0.         0.15789474
 0.         0.         0.         0.         0.2        0.
 0.         0.         0.         0.1875     0.         0.
 0.         0.         0.03448276 0.         0.         0.
 0.         0.33333333 0.         0.         0.         0.
 0.         0.         0.         0.         0.         0.
 0.         0.         0.4137931  0.         0.         0.
 0.         0.         0.         0.         0.         0.
 0.         0.         0.         0.         0.         0.27272727
 0.         0.         0.         0.         0.08       0.
 0.125      0.         0.11111111 0.         0.2        0.5
 0.         0.         0.         0.23529412 0.08333333 0.09090909
 0.         0.         0.2        0.125      0.         0.
 0.         0.         0.         0.09090909 0.         0.
 0.07692308 0.16666667 0.         0.         0.04545455 0.
 0.15       0.09090909 0.         0.06666667 0.         0.20833333
 0.05882353 0.125      0.0625     0.06666667 0.22580645 0.02777778
 0.05263158 0.10714286 0.05882353 0.         0.05263158 0.
 0.02631579 0.         0.09090909 0.03333333 0.         0.13924051
 0.36585366 0.23529412 0.24       0.1        0.19402985 0.23300971
 0.42105263 0.21590909 0.08571429 0.03030303 0.3        0.
 0.07692308 0.1        0.         0.08695652 0.125      0.
 0.         0.08510638 0.0212766  0.         0.06896552 0.
 0.08823529 0.03125    0.1875     0.10526316 0.         0.
 0.20833333 0.         0.125      0.14285714 0.         0.09375
 0.         0.         0.         0.07407407 0.         0.09090909
 0.         0.125      0.03125    0.11111111 0.1        0.04545455
 0.         0.05263158 0.04545455 0.14285714 0.         0.
 0.         0.08695652 0.         0.         0.33333333 0.11428571
 0.03333333 0.         0.04166667 0.         0.1025641  0.075
 0.05263158 0.         0.         0.         0.         0.
 0.         0.         0.         0.         0.         0.
 0.04166667 0.         0.         0.         0.33333333 0.
 0.         0.         0.         0.         0.09859155 0.17777778
 0.09090909 0.11111111 0.         0.08510638 0.         0.05555556
 0.         0.1        0.         0.         0.         0.12
 0.         0.         0.         0.         0.         0.
 0.         0.         0.         0.         0.         0.
 0.         0.         0.         0.         0.09090909 0.
 0.         0.         0.         0.         0.         0.
 0.         0.23529412 0.125      0.         0.         0.
 0.11111111 0.         0.         0.         0.         0.03278689
 0.         0.125      0.         0.         0.         0.125
 0.125      0.         0.         0.         0.         0.
 0.         0.         0.         0.         0.         0.
 0.04166667 0.28571429 0.         0.18181818 0.         0.
 0.         0.         0.         0.         0.         0.
 0.         0.         0.         0.14285714 0.         0.
 0.         0.         0.         0.         0.         0.
 0.         0.15789474 0.07692308 0.         0.04347826 0.25
 0.         0.08333333 0.         0.         0.         0.06666667
 0.         0.         0.         0.         0.         0.
 0.         0.         0.         0.11111111 0.         0.
 0.11111111 0.         0.         0.         0.         0.
 0.         0.         0.         0.         0.         0.
 0.         0.         0.         0.         0.         0.
 0.         0.         0.         0.         0.         0.
 0.04444444 0.         0.         0.1875     0.         0.0952381
 0.         0.         0.         0.         0.         0.
 0.         0.         0.         0.         0.         0.
 0.         0.         0.07692308 0.         0.         0.
 0.         0.         0.         0.         0.         0.
 0.         0.         0.         0.13043478 0.         0.
 0.08571429 0.         0.         0.04545455 0.         0.
 0.         0.         0.         0.06896552 0.         0.
 0.14285714 0.         0.         0.         0.         0.09090909
 0.         0.33333333 0.         0.         0.05263158 0.125
 0.         0.         0.         0.         0.         0.
 0.         0.         0.08108108 0.125      0.25       0.25
 0.33333333 0.         0.         0.         0.09090909 0.
 0.         0.         0.         0.         0.         0.
 0.         0.         0.         0.         0.09090909 0.03703704
 0.         0.         0.         0.         0.05263158 0.
 0.33333333 0.14285714 0.         0.         0.         0.
 0.125      0.         0.         0.         0.         0.
 0.         0.2        0.         0.         0.         0.
 0.         0.         0.         0.         0.         0.
 0.06896552 0.25       0.         0.         0.09090909 0.
 0.         0.         0.         0.         0.         0.
 0.25       0.         0.         0.         0.         0.
 0.         0.         0.0625     0.         0.         0.
 0.         0.         0.         0.         0.         0.
 0.         0.         0.04761905 0.         0.         0.
 0.         0.         0.         0.         0.25       0.
 0.         0.         0.         0.25       0.         0.
 0.25       0.         0.         0.14285714 0.         0.
 0.         0.         0.         0.         0.         0.
 0.         0.11111111 0.28571429 0.25       0.         0.
 0.         0.         0.         0.16666667 0.         0.
 0.         0.         0.         0.         0.         0.
 0.         0.         0.         0.         0.         0.
 0.         1.         0.         0.         0.25       0.
 0.125      0.         0.         0.         0.         0.
 0.         0.         0.         0.16666667 0.         0.16666667
 0.         1.         0.         0.         0.         0.
 0.         0.         0.         0.         0.         0.47619048
 0.         0.         0.         0.         0.         0.
 0.2        0.         0.         0.         0.         0.
 0.2        0.         0.         0.5        0.         0.
 0.         0.         0.         0.         0.5        0.
 0.2        0.         0.         0.         0.         0.
 0.         0.         0.         0.5        0.         0.
 0.         0.         0.         0.         0.         0.
 0.         0.         0.         0.         0.         0.
 0.        ]
fscore_d: [0.37931034 0.14285714 0.56573705 0.46956522 0.25531915 0.43243243
 0.53333333 0.41025641 0.32786885 0.13953488 0.1875     0.
 0.18518519 0.15384615 0.         0.08       0.         0.21052632
 0.32432432 0.07692308 0.08       0.         0.         0.
 0.13043478 0.         0.3255814  0.         0.         0.07692308
 0.         0.11111111 0.22222222 0.         0.13333333 0.25
 0.0952381  0.13333333 0.         0.         0.         0.
 0.         0.16666667 0.         0.0952381  0.         0.
 0.         0.         0.         0.         0.07407407 0.
 0.         0.         0.28571429 0.06896552 0.         0.
 0.         0.26666667 0.         0.         0.5        0.
 0.08       0.         0.         0.         0.17021277 0.
 0.         0.4        0.         0.20338983 0.         0.
 0.         0.         0.         0.         0.         0.13953488
 0.         0.         0.4        0.         0.         0.
 0.         0.15384615 0.         0.         0.         0.
 0.         0.         0.         0.         0.5        0.
 0.         0.33333333 0.         0.         0.         0.
 0.         0.         0.09090909 0.         0.         0.
 0.         0.0952381  0.         0.         0.         0.
 0.         0.         0.         0.         0.         0.18181818
 0.         0.         0.         0.         0.15       0.
 0.         0.         0.         0.17910448 0.         0.
 0.         0.         0.04347826 0.         0.         0.
 0.         0.33333333 0.         0.         0.         0.
 0.         0.         0.         0.         0.         0.
 0.         0.         0.3        0.         0.         0.
 0.         0.         0.         0.         0.         0.
 0.         0.         0.         0.         0.         0.21428571
 0.         0.         0.         0.         0.0952381  0.
 0.11764706 0.         0.13333333 0.         0.30769231 0.4
 0.         0.         0.         0.19047619 0.05405405 0.06451613
 0.         0.         0.22222222 0.15384615 0.         0.
 0.         0.         0.         0.08333333 0.         0.
 0.1        0.11111111 0.         0.         0.04444444 0.
 0.17142857 0.09756098 0.         0.05882353 0.         0.26315789
 0.06666667 0.22222222 0.04123711 0.07692308 0.21705426 0.02666667
 0.06060606 0.07692308 0.05714286 0.         0.03030303 0.
 0.03389831 0.         0.07692308 0.02352941 0.         0.14965986
 0.28037383 0.16       0.25352113 0.13953488 0.15028902 0.22429907
 0.32160804 0.23170732 0.10909091 0.03030303 0.16666667 0.
 0.05714286 0.16666667 0.         0.1        0.125      0.
 0.         0.10958904 0.02564103 0.         0.08       0.
 0.09375    0.03448276 0.14814815 0.1        0.         0.
 0.15873016 0.         0.125      0.22222222 0.         0.08955224
 0.         0.         0.         0.08333333 0.         0.11764706
 0.         0.22222222 0.01869159 0.09090909 0.11764706 0.05
 0.         0.05128205 0.04761905 0.18181818 0.         0.
 0.         0.07142857 0.         0.         0.2        0.07619048
 0.03076923 0.         0.05405405 0.         0.12121212 0.07317073
 0.07692308 0.         0.         0.         0.         0.
 0.         0.         0.         0.         0.         0.
 0.03703704 0.         0.         0.         0.2        0.
 0.         0.         0.         0.         0.08045977 0.14678899
 0.09090909 0.08823529 0.         0.08510638 0.         0.08695652
 0.         0.13333333 0.         0.         0.         0.11320755
 0.         0.         0.         0.         0.         0.
 0.         0.         0.         0.         0.         0.
 0.         0.         0.         0.         0.04444444 0.
 0.         0.         0.         0.         0.         0.
 0.         0.13559322 0.0952381  0.         0.         0.
 0.06666667 0.         0.         0.         0.         0.03389831
 0.         0.05       0.         0.         0.         0.11764706
 0.2        0.         0.         0.         0.         0.
 0.         0.         0.         0.         0.         0.
 0.03636364 0.26666667 0.         0.15384615 0.         0.
 0.         0.         0.         0.         0.         0.
 0.         0.         0.         0.11764706 0.         0.
 0.         0.         0.         0.         0.         0.
 0.         0.13483146 0.07142857 0.         0.04166667 0.25
 0.         0.11764706 0.         0.         0.         0.06060606
 0.         0.         0.         0.         0.         0.
 0.         0.         0.         0.07272727 0.         0.
 0.11764706 0.         0.         0.         0.         0.
 0.         0.         0.         0.         0.         0.
 0.         0.         0.         0.         0.         0.
 0.         0.         0.         0.         0.         0.
 0.05970149 0.         0.         0.17647059 0.         0.11111111
 0.         0.         0.         0.         0.         0.
 0.         0.         0.         0.         0.         0.
 0.         0.         0.07017544 0.         0.         0.
 0.         0.         0.         0.         0.         0.
 0.         0.         0.         0.10909091 0.         0.
 0.05454545 0.         0.         0.06666667 0.         0.
 0.         0.         0.         0.06666667 0.         0.
 0.07843137 0.         0.         0.         0.         0.1
 0.         0.28571429 0.         0.         0.03703704 0.22222222
 0.         0.         0.         0.         0.         0.
 0.         0.         0.07894737 0.13333333 0.25       0.23076923
 0.5        0.         0.         0.         0.08695652 0.
 0.         0.         0.         0.         0.         0.
 0.         0.         0.         0.         0.11111111 0.05263158
 0.         0.         0.         0.         0.06060606 0.
 0.33333333 0.15384615 0.         0.         0.         0.
 0.125      0.         0.         0.         0.         0.
 0.         0.16216216 0.         0.         0.         0.
 0.         0.         0.         0.         0.         0.
 0.05194805 0.25       0.         0.         0.0952381  0.
 0.         0.         0.         0.         0.         0.
 0.14814815 0.         0.         0.         0.         0.
 0.         0.         0.05555556 0.         0.         0.
 0.         0.         0.         0.         0.         0.
 0.         0.         0.03571429 0.         0.         0.
 0.         0.         0.         0.         0.18181818 0.
 0.         0.         0.         0.25       0.         0.
 0.14634146 0.         0.         0.14285714 0.         0.
 0.         0.         0.         0.         0.         0.
 0.         0.12       0.28571429 0.18181818 0.         0.
 0.         0.         0.         0.22222222 0.         0.
 0.         0.         0.         0.         0.         0.
 0.         0.         0.         0.         0.         0.
 0.         1.         0.         0.         0.28571429 0.
 0.13793103 0.         0.         0.         0.         0.
 0.         0.         0.         0.25       0.         0.13333333
 0.         0.4        0.         0.         0.         0.
 0.         0.         0.         0.         0.         0.28571429
 0.         0.         0.         0.         0.         0.
 0.22222222 0.         0.         0.         0.         0.
 0.10526316 0.         0.         0.25       0.         0.
 0.         0.         0.         0.         0.33333333 0.
 0.17391304 0.         0.         0.         0.         0.
 0.         0.         0.         0.25       0.         0.
 0.         0.         0.         0.         0.         0.
 0.         0.         0.         0.         0.         0.
 0.        ]
support_d: [ 52   5  99  41  22  59   5  58  29  31  15   4  34   8  15  10   4  34
  11  19  15   0   9   3  24   3  19   4   4  16   2  14   7   1  19   5
  13  10   8   6   7   5   1  18   1   8   6   5   7   1   2   2  11   5
   2  10   5   8   6   0   1   5   2   3   4   5  10   1   2   3  38   2
   2   7  10  28   0   3  10   1   3   1   1  20   2   3   3  13   3   2
   1   8   1   1   9   1   1   8   1   1   3  13   4   3   5   1   5   0
   1   1   7   1   1   1   1  12   2   3   3   2  17   1   2   0   2  19
   1   3   1   1  15   0   1   4   8  32   3   1   2   5  29   7   3   7
  12   3   3   3  13   3   1   3   6   8   4   3   7   1  29   3   6   4
   7   5   2   3   1   2   5   2   2   4   2  11   9   0   1   5  25   9
   8   9   9  12  10   2   5   7  11  17  12  11  10  13  10   8   9   3
  15  14  16  22  13   7  13   6   8   5  22  13  20  22   6  15  23  24
  17   8  32  30  62  36  19  28  17   6  19   8  38  29  22  30  11  79
  82  34  75  30  67 103  76  88  35  33  20  14  13  10  31  23  24  13
   8  47  47  13  29  11  34  32  32  19   7  20  24  11  16   7  34  32
  14  10   5  54  21  22  15   8  32  18  30  22   7  19  22   7   8   4
  15  23   9   6   3  35  30  10  24   4  39  40  19  11   4   5   2   1
   4   4  17   8   1   1  24  19   6  19   3  21  18   7   5   3  71  45
  22  27  11  47  30  18  17  10  32  22   5  25   2  19  19   0  10   4
  25  14   7  19   6   9   9   1   1  23  11   5   9   1  20  14   3   4
   6  17   8   4   6   2  18   8   4   5   1  61   8   8  18   7  32  16
   8   5   1  11   6   4   5   9   3   1   2   1  24   7   1  11   2  13
   9   1   3   1  14   1   4   5   2   7   3   4   4   5   6  10   2   3
   1  38  13   5  23   4  15  12   1   4   3  15   7   6  10   2   7   4
   1   3   1  18   0   2   9   2   5   1   1   1  16   3   1   9   1   7
   3   1   1  15   4   1   7   3   9   1   2   1  45   8   7  32   4  21
   3   3   1   0  21   3   1   7   3   5   2   0   1   1  26   5   2  11
   2  16   2   1  25   3   1   8   1  23   2   2  35  12   6  22   2  21
   6   1   4  29   4   2  14   2   6   2   5  22   6   3   7   1  19   8
   3   4  15   1   3   8   1   3  37   8   4  12   3  12   5   1  11   4
   2   1   3   2   3   1   1  30   7   7  11  27  13   2   2   1  19   9
   3   7   6   4   3  10   8   3   5   9   1   0   3  15   1   1   4   8
   2   6   1   1   5   0  29   8   2   7  22   1   2   1   7   1   1   1
   8   1  16   3   3   3   5   1  16   2   2   2   3   1   3   1   1   5
   1   2  21   1   1   5   8   3   1   0   4   1   6   1   8   4   3   1
  12   3   1   7   3   2   6   0   8   1   1   1   1  27   7   4   4   1
   9   1   1   6   1   2   1   3   1   2   1   2   1   4   1   9   3   1
   5   1   4   1   4   1  16   4   6   1  11   3   0   3   1   6   1   6
   1   1   1   1   1   2   9   1   9   0   2  21   1   1   4   1   1   3
   5   2   1   2   3   1   5   1   2   2   1   3   1   1   0  14   2   2
  10   0   2   5   0   1   1   3   1   2   1   3   1   0   2   1   1   1
   1   0   1   1   1   1   1]
Loss_age: 0.0000  Acc_age: 0.1639 mseloss_age: 117.0260
Loss_gender: 0.0000  Acc_gender: 0.8838 
Loss_race: 0.0000  Acc_race: 0.7764 
precision_a: [0.68431002 0.25510204 0.18627451 0.19512195 0.11       0.19047619
 0.11320755 0.17525773 0.06122449 0.08695652 0.05882353 0.05882353
 0.06666667 0.02898551 0.17142857 0.21176471 0.13333333 0.18292683
 0.         0.06862745 0.12582781 0.03370787 0.06134969 0.12765957
 0.06185567 0.28403526 0.08796296 0.12142857 0.05652174 0.1025641
 0.05813953 0.08235294 0.1        0.04166667 0.11764706 0.07567568
 0.         0.01980198 0.04       0.0962963  0.11111111 0.02564103
 0.04615385 0.         0.1025641  0.         0.         0.03448276
 0.02380952 0.13684211 0.03846154 0.         0.025      0.11764706
 0.07317073 0.05952381 0.         0.15714286 0.         0.06593407
 0.23076923 0.05882353 0.06451613 0.         0.07368421 0.05
 0.04       0.03125    0.08333333 0.05128205 0.09090909 0.07142857
 0.0625     0.         0.08510638 0.07692308 0.         0.
 0.         0.125      0.         0.         0.         0.
 0.14423077 0.         0.         0.         0.         0.21276596
 0.         0.         0.         0.16666667 0.         0.33333333
 0.         0.         0.         0.         0.         0.        ]
recall_a: [0.90274314 0.16233766 0.2345679  0.16842105 0.19298246 0.08888889
 0.17647059 0.22666667 0.06382979 0.12765957 0.04761905 0.02564103
 0.05555556 0.04545455 0.11320755 0.20224719 0.08510638 0.20833333
 0.         0.08139535 0.19587629 0.02439024 0.08196721 0.13533835
 0.05769231 0.43348281 0.1005291  0.12546125 0.07514451 0.069869
 0.04310345 0.06481481 0.04651163 0.032      0.05369128 0.10144928
 0.         0.02083333 0.04109589 0.07926829 0.02380952 0.01388889
 0.06818182 0.         0.10169492 0.         0.         0.02380952
 0.02325581 0.10483871 0.04545455 0.         0.01538462 0.16513761
 0.046875   0.06849315 0.         0.13414634 0.         0.06
 0.05882353 0.05128205 0.06451613 0.         0.09722222 0.05263158
 0.03225806 0.03846154 0.07692308 0.05       0.08333333 0.03125
 0.05555556 0.         0.07407407 0.05882353 0.         0.
 0.         0.07317073 0.         0.         0.         0.
 0.39473684 0.         0.         0.         0.         0.33333333
 0.         0.         0.         0.14285714 0.         0.33333333
 0.         0.         0.         0.         0.         0.        ]
fscore_a: [0.77849462 0.1984127  0.20765027 0.18079096 0.14012739 0.12121212
 0.13793103 0.19767442 0.0625     0.10344828 0.05263158 0.03571429
 0.06060606 0.03539823 0.13636364 0.20689655 0.1038961  0.19480519
 0.         0.07446809 0.15322581 0.02830189 0.07017544 0.13138686
 0.05970149 0.34319527 0.09382716 0.12341198 0.06451613 0.08311688
 0.04950495 0.07253886 0.06349206 0.0361991  0.07373272 0.08668731
 0.         0.02030457 0.04054054 0.08695652 0.03921569 0.01801802
 0.05504587 0.         0.10212766 0.         0.         0.02816901
 0.02352941 0.11872146 0.04166667 0.         0.01904762 0.13740458
 0.05714286 0.06369427 0.         0.14473684 0.         0.06282723
 0.09375    0.05479452 0.06451613 0.         0.08383234 0.05128205
 0.03571429 0.03448276 0.08       0.05063291 0.08695652 0.04347826
 0.05882353 0.         0.07920792 0.06666667 0.         0.
 0.         0.09230769 0.         0.         0.         0.
 0.21126761 0.         0.         0.         0.         0.25974026
 0.         0.         0.         0.15384615 0.         0.33333333
 0.         0.         0.         0.         0.         0.        ]
support_a: [401 154  81  95  57  45  34  75  47  47  21  39  18  44  53  89  47  72
  28  86  97 123 122 266 208 669 189 271 173 229 116 216  43 125 298 138
  91  96  73 164  42  72  44  27 118  56  39  42  43 124  44  65  65 109
  64  73  31  82  28 100  51  39  31  13  72  19  31  26  13  40  12  32
  18  12  54  17   8  19  10  41  11  10   3  10  38  12   3  12   8  30
   5   2   4   7   0   3   1   1   2   1   2   1]
precision_g: [0.93125734 0.84169279]
recall_g: [0.83951271 0.93229167]
fscore_g: [0.88300836 0.88467875]
support_g: [3776 3456]
precision_r: [0.79489489 0.79187106 0.84200196 0.70187793 0.46629213]
recall_r: [0.87707091 0.84391337 0.78284672 0.72631579 0.15257353]
fscore_r: [0.83396345 0.81706435 0.81134752 0.71388778 0.2299169 ]
support_r: [3018 1339 1096 1235  544]
precision_d: []
recall_d: []
fscore_d: []
support_d: []
