0	2.1768752196616026	0.7091056844995974	1.9486181935224076	0.41525088897668905	0.6717700513630975	1.1643402576446533	0.23733125627040863
1	1.3208429019755406	0.5537177804829527	1.5367802018376973	0.5701303832477281	0.7438759383642829	0.936042070388794	0.10507924109697342
2	1.0615069583111345	0.4702475407009584	1.3485316244899308	0.6375938364282892	0.798202291584354	0.6730397343635559	0.015486950054764748
3	0.8883369437605437	0.4061943389172141	1.1955017989824432	0.6952785460292374	0.8297115764519952	0.4891883432865143	0.021660812199115753
4	0.7597299609340636	0.36240074115042537	1.0725886905584257	0.7390359541683129	0.8462070327933623	0.39573195576667786	0.009291602298617363
5	0.6729872937567005	0.32953244339967613	0.9797226789203947	0.7663966811536942	0.8644804425128407	0.30073437094688416	-0.0021691392175853252
6	0.6037755207975878	0.31741415756356806	0.9143377398841704	0.7914855788225997	0.8674436981430265	0.17078238725662231	-0.006292080972343683
7	0.5334706068839635	0.301660937148561	0.8356043070684257	0.816772026866851	0.8771236665349663	0.07098058611154556	0.00926228053867817
8	0.46951410309781394	0.28578922632347215	0.7573647787099015	0.8396878704069537	0.8831489529830107	0.04089866578578949	0.0014764335937798023
9	0.42545366131802503	0.26641199404851384	0.6950762458866833	0.8558870011853023	0.8875938364282892	0.05567215755581856	-0.004414721392095089
10	0.32539213012207735	0.24122622352445233	0.5694537274407003	0.8841367048597392	0.902903990517582	0.0010234902147203684	-0.0032657054252922535
11	0.2630736224621193	0.2441618276509029	0.5094419317912415	0.9088305017779533	0.901521137890162	0.0073556723073124886	0.00044636079110205173
12	0.22040715980251896	0.22507082687117563	0.44702796194686195	0.9249308573686289	0.9106084551560647	-0.00501227518543601	0.003471718169748783
13	0.21237625763944748	0.21080168739626504	0.4250624631526017	0.9297708415645989	0.9154484393520347	0.0010617226362228394	-0.0028631803579628468
14	0.2182694481607013	0.2085829455021317	0.42923735679726693	0.9305610430659818	0.915942315290399	0.0007674444932490587	0.0010739424033090472
15	0.1886975123554009	0.2017335482442134	0.3921030339152386	0.937277755827736	0.9184116949822204	-0.0015935671981424093	0.0023416506592184305
16	0.15153444110640704	0.1917313000622214	0.34476938242028704	0.9494271039114974	0.9238443303042275	-0.0011119990376755595	0.002933124080300331
17	0.1623913016227666	0.18263717094625423	0.34677532161591507	0.9478467009087317	0.9272026866851046	-0.004324004054069519	-0.010433888994157314
18	0.13173430247864484	0.19052417557473147	0.32429538965696214	0.9560450414855788	0.9223627024891347	0.000644284940790385	-0.0018789335153996944
19	0.14095059679824815	0.1796141123904724	0.3223769220908797	0.9522915843540102	0.9292769656262346	-0.0039614164270460606	-0.001550935092382133
20	0.1089058378229307	0.15800456111313843	0.2679244399730135	0.9647372580007901	0.9369814302647175	-0.0032458079513162374	-0.004960719030350447
21	0.1019503291371028	0.15379320227083648	0.2569684136625054	0.9673054128802844	0.9397471355195575	0.002452998189255595	-0.00019047172099817544
22	0.08776128762491792	0.1571105295422048	0.24587064365632258	0.9716515211378901	0.938660608455156	-0.004712912254035473	0.0022047420497983694
23	0.07514660197583549	0.1438305588024777	0.21994720617804495	0.9775780323982615	0.9430067167127617	0.002732355846092105	0.0063650174997746944
24	0.08330549113673215	0.14869660459950432	0.2334246018784454	0.9732319241406558	0.9420189648360331	-0.006560999434441328	-0.001868930528871715
25	0.07274050808374423	0.14831425674651177	0.22214993683776568	0.9780719083366258	0.9432042670881075	0.0021183895878493786	0.0023714450653642416
26	0.07177032494394264	0.13930126180388813	0.21210918974989443	0.9777755827736072	0.9472540497826946	0.0011640837183222175	-0.0019519645720720291
27	0.0781324570862402	0.13765077508400195	0.2168969301921207	0.9769853812722243	0.9456736467799288	-0.012068659998476505	-0.002999787451699376
28	0.0816405266906046	0.13442223193804675	0.21731437332354153	0.9759976293954958	0.9460687475306203	0.0011409082217141986	0.002478737384080887
29	0.06471370626572139	0.13292693282271129	0.19858889084519815	0.9797510865270643	0.9492295535361517	-0.0019152031745761633	0.002664373256266117
30	0.05287448105747075	0.11976299643316367	0.1733639229019844	0.9838996444093243	0.9536744369814302	-0.0021252429578453302	-0.006147649139165878
31	0.054068076111897324	0.10831696664637042	0.16321135910190362	0.9834057684709601	0.9580205452390359	0.0010523180244490504	0.002313868375495076
32	0.05175616528289867	0.10991594492093888	0.1623537921118953	0.9859739233504543	0.9574278941129988	5.887429142603651e-05	0.0008748844265937805
33	0.051539447242471365	0.11582847734370848	0.1679993822776202	0.9843935203476886	0.9542670881074674	-0.006392755080014467	0.002010407391935587
34	0.04055361008747723	0.1015442082211699	0.1426325095401645	0.9880482022915843	0.9614776768075859	-0.008297794498503208	-0.0035833939909934998
35	0.0397499547752466	0.10257698499558236	0.1428485561952625	0.9887396286052943	0.9589095219280916	-0.006081229541450739	-0.00361847598105669
36	0.051540423576149345	0.10275229741313249	0.15497162391761696	0.9856775977874358	0.9615764519952588	-0.00010713341907830909	0.001596537884324789
37	0.05106530072191801	0.10443596122694411	0.15615642488191175	0.9843935203476886	0.9594033978664559	-0.01681550033390522	0.0004572375619318336
38	0.04217099768990163	0.09972994093032916	0.1425303406262765	0.9883445278546029	0.9598972738048202	-0.0025482745841145515	-0.002691719215363264
39	0.04229909903397441	0.10317911926534797	0.1461527769842764	0.9879494271039114	0.9597984986171473	-0.005178388673812151	-0.007673447951674461
40	0.03674895752328792	0.08670005997394865	0.12393129358221919	0.9888384037929672	0.9683919399446859	-0.0005030024331063032	-0.002756892703473568
41	0.031247611428051304	0.08223416147248011	0.11384331666931057	0.9921967601738443	0.9695772421967601	-0.0022827801294624805	-0.0007481339853256941
42	0.025866077103806975	0.086280588915771	0.11250692590664894	0.9934808376135914	0.9686882655077044	-0.002012009499594569	-0.00198296457529068
43	0.026329385500117188	0.0814132720808981	0.10807845344106844	0.9934808376135914	0.9687870406953772	-0.0007986435084603727	-0.010690052062273026
44	0.036286526464856056	0.08160668571344575	0.11836630273912085	0.9901224812327143	0.968293164757013	-0.009956334717571735	-0.0004710745997726917
45	0.03249967069976276	0.08912386504122977	0.12201521713735557	0.9915053338601343	0.9645397076254444	-0.004540052264928818	-0.0033476604148745537
46	0.03260743973025311	0.07952076891096437	0.11246313911236025	0.9909126827340972	0.9681943895693401	-0.0036930576898157597	-0.000457941263448447
47	0.03163628197443999	0.07478568868079424	0.10680033034872792	0.99239431054919	0.9743184512050572	-0.0009982491610571742	-1.4891054888721555e-05
48	0.0329974062302187	0.07546581290235448	0.10890808717705713	0.9918016594231529	0.9713551955748715	0.000563907262403518	0.002419588156044483
49	0.04227002323003495	0.07860806027404502	0.12133850957366706	0.9880482022915843	0.969676017384433	-0.010289064608514309	-0.0026497647631913424
50	0.031059768021471743	0.07615216251820361	0.10755867864575984	0.9914065586724614	0.971750296325563	-0.003210419090464711	-0.0006172902067191899
51	0.02958609381597158	0.07172371047916548	0.10156439321136955	0.9915053338601343	0.973133148952983	-0.004801807925105095	-0.008021331392228603
52	0.02428762508771139	0.0671497126165461	0.09174037203913925	0.9934808376135914	0.9758000790201501	-0.0019920917693525553	-0.0005471207550726831
53	0.023761529404800995	0.06866450575101239	0.09269855431962136	0.9941722639273014	0.9747135519557487	-0.0026488325092941523	-0.000593747419770807
54	0.02186770110156686	0.06812919355437295	0.09025299432825448	0.9950612406163571	0.9754049782694587	-0.0004110648587811738	-0.001974256942048669
55	0.02057103508901615	0.06875622127071193	0.08957883626728932	0.9950612406163571	0.9754049782694587	-0.005514097865670919	-0.006772657390683889
56	0.022679624627909137	0.06699649015083138	0.0900068607156289	0.9942710391149743	0.9764915053338601	-0.0037438361905515194	-0.0038709710352122784
57	0.02684458453798426	0.0640926592225663	0.09117532824028132	0.9930857368629	0.9758000790201501	-0.0031158856581896544	-0.0050101797096431255
58	0.024589322911040414	0.06239759671516166	0.08725807039528578	0.9922955353615172	0.9766890557092058	-0.004530114587396383	-0.008593574166297913
59	0.021225263261950473	0.05635584425438727	0.07787762687393254	0.9963453180561043	0.9805412880284472	-0.004008389078080654	-0.0021564289927482605
60	0.023283376142085303	0.05581544961372603	0.07927429284834193	0.9940734887396285	0.9810351639668115	-0.0033929352648556232	-0.0021862054709345102
61	0.021179594744198504	0.057127097657620786	0.07849616142882514	0.9945673646779928	0.9782694587119715	-0.0012999516911804676	-0.003373143495991826
62	0.018099632719108492	0.05874166383026429	0.07705074405950409	0.9963453180561043	0.9780719083366258	-0.0031172309536486864	0.0006836749380454421
63	0.01809126391277565	0.05171758691838776	0.0699684548783048	0.9959502173054128	0.9816278150928486	-0.0023260165471583605	-0.005214638076722622
64	0.019379551626568205	0.05562973443405127	0.07517948266411666	0.9957526669300671	0.9803437376531015	-0.0030689884442836046	-0.0009445981122553349
65	0.021019246374745938	0.05664231271693849	0.0778396483179563	0.9953575661793757	0.9787633346503358	-0.0009829405462369323	-0.004365736152976751
66	0.019115284368607755	0.053752203796136905	0.07303381752456803	0.99585144211774	0.9804425128407743	-0.009948518127202988	-0.0028375512920320034
67	0.020585201655638544	0.055723480930303874	0.07651379507539867	0.9952587909917028	0.9799486369024101	-0.0017846832051873207	-0.000897198508027941
68	0.016536596826899903	0.05054419705992346	0.06726593512442686	0.9964440932437771	0.9822204662188858	-0.0028850797098129988	-0.001546465908177197
69	0.017470533255648114	0.053449460819322385	0.07109508124860507	0.9959502173054128	0.9818253654681943	-0.0018624421209096909	-0.0028975042514503
70	0.018362264882247705	0.049613035929027584	0.06811130571122793	0.9959502173054128	0.9818253654681943	-0.002813270315527916	0.00029015514883212745
71	0.015647159062888206	0.04150715615734287	0.057272487154053114	0.99723429474516	0.9851837218490714	-0.0028514808509498835	-0.0019708164036273956
72	0.016110059552605575	0.053461237852500273	0.0697108638954523	0.9968391939944685	0.9809363887791386	-0.000992079614661634	-0.0028069226536899805
73	0.014356406235567717	0.04815874841297505	0.06266516034061943	0.9976293954958514	0.9823192414065586	-0.0011084155412390828	-0.0003551905683707446
74	0.017386595806874502	0.04274175550637039	0.06028801057059414	0.9961477676807585	0.9859739233504543	-0.0001700037973932922	-0.0021737059578299522
75	0.015196106392567877	0.04391836391630167	0.05925142993478613	0.99654286843145	0.9839984195969972	-0.002141880802810192	-0.0014292893465608358
76	0.017167155207357402	0.04589744130092817	0.06321882944464306	0.9968391939944685	0.9829118925325958	-0.0027990189846605062	-0.0013876836746931076
77	0.019248190827164335	0.040152930509238696	0.05953763355730975	0.99585144211774	0.9863690241011457	-0.001258841366507113	-0.0018473515519872308
78	0.018681305407276742	0.04410730915144822	0.06295538111102293	0.9966416436191228	0.9847886210983801	-0.003693261183798313	-0.005118797067552805
79	0.015717817893592514	0.04722941545854205	0.0630737639189426	0.9971355195574871	0.9827143421572501	-0.00070237647742033	0.00027369189774617553
Loss_age: 0.7036  Loss_gender: 0.2331  Loss: 0.9373 Acc_age: 0.8659 Acc_gender: 0.9365 mseloss_age: 0.2782 precision_a: [0.97272727 0.90962099 0.90489914 0.8220339  0.8871734  0.81233933
 0.61983471 0.88636364]recall_a: [0.84920635 0.94832827 0.88700565 0.77290837 0.91320293 0.81025641
 0.67567568 0.82978723]fscore_a: [0.90677966 0.92857143 0.89586305 0.79671458 0.9        0.81129653
 0.64655172 0.85714286]support_a: [126 329 354 251 818 390 111 141]precision_g: [0.92982456 0.94546851 0.92663043]recall_g: [0.84126984 0.94185157 0.94112236]fscore_g: [0.88333333 0.94365657 0.93382017]support_g: [ 126 1307 1087]Loss_age: 0.8290  Loss_gender: 0.2423  Loss: 1.0713 Acc_age: 0.8262 Acc_gender: 0.9131 mseloss_age: 0.3321 precision_a: [0.92920354 0.90634441 0.87570621 0.72093023 0.85783718 0.75443038
 0.57758621 0.84615385]recall_a: [0.83333333 0.9118541  0.87570621 0.74103586 0.86308068 0.76410256
 0.6036036  0.78014184]fscore_a: [0.87866109 0.90909091 0.87570621 0.73084479 0.86045094 0.75923567
 0.59030837 0.81180812]support_a: [126 329 354 251 818 390 111 141]precision_g: [0.89256198 0.92929293 0.89658273]recall_g: [0.85714286 0.91507269 0.91720331]fscore_g: [0.87449393 0.92212799 0.90677581]support_g: [ 126 1307 1087]Loss_age: 0.8290  Loss_gender: 0.4306  Loss: 1.2596 Acc_age: 0.8262 Acc_gender: 0.8242 mseloss_age: 0.3321 precision_a: [0.92920354 0.90634441 0.87570621 0.72093023 0.85783718 0.75443038
 0.57758621 0.84615385]recall_a: [0.83333333 0.9118541  0.87570621 0.74103586 0.86308068 0.76410256
 0.6036036  0.78014184]fscore_a: [0.87866109 0.90909091 0.87570621 0.73084479 0.86045094 0.75923567
 0.59030837 0.81180812]support_a: [126 329 354 251 818 390 111 141]precision_g: [0.86111111 0.80569049 0.84806356]recall_g: [0.49206349 0.8882938  0.78564857]fscore_g: [0.62626263 0.84497817 0.8156638 ]support_g: [ 126 1307 1087]Loss_age: 0.8290  Loss_gender: 0.4306  Loss: 1.2596 Acc_age: 0.8262 Acc_gender: 0.8242 mseloss_age: 0.3321 precision_a: [0.92920354 0.90634441 0.87570621 0.72093023 0.85783718 0.75443038
 0.57758621 0.84615385]recall_a: [0.83333333 0.9118541  0.87570621 0.74103586 0.86308068 0.76410256
 0.6036036  0.78014184]fscore_a: [0.87866109 0.90909091 0.87570621 0.73084479 0.86045094 0.75923567
 0.59030837 0.81180812]support_a: [126 329 354 251 818 390 111 141]precision_g: [0.86111111 0.80569049 0.84806356]recall_g: [0.49206349 0.8882938  0.78564857]fscore_g: [0.62626263 0.84497817 0.8156638 ]support_g: [ 126 1307 1087]Loss_age: 0.8629  Loss_gender: 0.3020  Loss: 1.1649 Acc_age: 0.8417 Acc_gender: 0.8841 mseloss_age: 0.3286 precision_a: [0.92307692 0.90447761 0.88268156 0.74157303 0.88958595 0.7735369
 0.592      0.8515625 ]recall_a: [0.85714286 0.92097264 0.89265537 0.78884462 0.86674817 0.77948718
 0.66666667 0.77304965]fscore_a: [0.88888889 0.9126506  0.88764045 0.76447876 0.87801858 0.77650064
 0.62711864 0.81040892]support_a: [126 329 354 251 818 390 111 141]precision_g: [0.80172414 0.87590711 0.90448343]recall_g: [0.73809524 0.92348891 0.85372585]fscore_g: [0.76859504 0.8990689  0.87837198]support_g: [ 126 1307 1087]